{
 "cells": [
  {
   "cell_type": "markdown",
   "metadata": {},
   "source": [
    "# STAT-H400 - Lab 4: Unsupervised methods\n",
    "\n",
    "This lab focuses on exploring unsupervised learning techniques for dimensionality reduction and data clustering.\n",
    "\n",
    "**Objectives:**\n",
    "\n",
    "* Apply dimensionality reduction techniques to reduce the number of features in a dataset.\n",
    "* Identify clusters within a dataset representing groups of similar data points.\n",
    "\n",
    "**Breast Cancer Dataset Exploration**\n",
    "\n",
    "We'll be working with the \"Breast Cancer Wisconsin\" dataset, readily available from scikit-learn using `sklearn.datasets.load_breast_cancer`. This dataset contains features extracted from breast cancer biopsies and corresponding diagnoses (benign or malignant).\n",
    "\n",
    "**BreastCancerDataset Class (provided)**\n",
    "\n",
    "A helper class named `BreastCancerDataset` (available on the Virtual University or Gitlab) simplifies data access and preprocessing. Here's how to use it:\n",
    "\n",
    "```python\n",
    "from breast_cancer import BreastCancerDataset\n",
    "\n",
    "data = BreastCancerDataset()\n",
    "\n",
    "print(f\"{data.Xtrain.shape[0]} cases in training set.\")\n",
    "print(f\"{data.Xtest.shape[0]} cases in test set.\")\n",
    "\n",
    "# Show mean and standard deviation of the training set for each feature\n",
    "features = data.columns\n",
    "for i in range(len(data.columns)):\n",
    "  print(features[i], data.Xtrain[:, i].mean(), data.Xtrain[:, i].std(ddof=1))"
   ]
  },
  {
   "cell_type": "markdown",
   "metadata": {},
   "source": [
    "## Step 1: Data Preparation\n",
    "\n",
    "* **Zero-centering:** \n",
    "    * Subtract the mean of each variable from the data to obtain a zero-centered matrix.\n",
    "\n"
   ]
  },
  {
   "cell_type": "code",
   "execution_count": 3,
   "metadata": {},
   "outputs": [
    {
     "name": "stdout",
     "output_type": "stream",
     "text": [
      "Matrice centrée sur zéro :\n",
      "[[ -0.63800879   1.26564835  -2.70540659 ...   0.09177287   0.0675011\n",
      "    0.02702963]\n",
      " [ -0.82800879   5.99564835  -7.24540659 ...  -0.05327713  -0.0465989\n",
      "   -0.01599037]\n",
      " [ -0.01800879  -3.59435165  -1.75540659 ...  -0.03116713  -0.0773989\n",
      "   -0.01677037]\n",
      " ...\n",
      " [  0.21199121   2.46564835   2.28459341 ...   0.03137287   0.0681011\n",
      "    0.01752963]\n",
      " [ -1.69800879   7.60564835 -10.19540659 ...   0.03257287   0.0305011\n",
      "    0.03662963]\n",
      " [ -0.98800879   0.05564835  -8.73540659 ...  -0.10221713  -0.0470989\n",
      "   -0.02098037]]\n"
     ]
    }
   ],
   "source": [
    "# Importation des bibliothèques nécessaires\n",
    "import numpy as np\n",
    "from breast_cancer import BreastCancerDataset\n",
    "\n",
    "# Chargement du jeu de données du cancer du sein\n",
    "data = BreastCancerDataset()\n",
    "\n",
    "# Extraction des données d'entraînement\n",
    "Xtrain = data.Xtrain\n",
    "\n",
    "# Calcul de la matrice centrée sur zéro\n",
    "# On soustrait la moyenne de chaque variable (colonne) à ses valeurs correspondantes\n",
    "X_centered = Xtrain - Xtrain.mean(axis=0)\n",
    "\n",
    "# Affichage de la matrice centrée\n",
    "print(\"Matrice centrée sur zéro :\")\n",
    "print(X_centered)\n",
    "\n"
   ]
  },
  {
   "cell_type": "markdown",
   "metadata": {},
   "source": [
    "### Analyse statistique des résultats\n",
    "\n",
    "La matrice centrée sur zéro, obtenue en soustrayant la moyenne de chaque variable à ses valeurs correspondantes, a plusieurs implications statistiques :\n",
    "\n",
    "1. **Moyenne nulle :** Chaque colonne de la matrice centrée a désormais une moyenne égale à 0. Cela signifie que la distribution de chaque variable est recentrée autour de son point central, facilitant les comparaisons entre variables.\n",
    "\n",
    "2. **Variance conservée :** Le processus de centrage n'affecte pas la dispersion ou la variance des données. Ainsi, les caractéristiques de la variabilité des données restent intactes.\n",
    "\n",
    "3. **Préparation aux analyses statistiques :** Le centrage est une étape clé pour certaines méthodes statistiques et algorithmiques comme l'analyse en composantes principales (ACP) ou les modèles de régression linéaire, car il garantit que les calculs ne sont pas biaisés par des différences d'échelle entre les variables.\n",
    "\n",
    "4. **Visualisation des données :** Les données centrées sont plus faciles à interpréter graphiquement, car elles éliminent les décalages dus à des moyennes non nulles, rendant ainsi les relations entre les variables plus évidentes.\n",
    "\n",
    "Ce centrage est une étape préliminaire essentielle pour de nombreuses analyses multivariées, car il contribue à standardiser les données et à éliminer l'influence des écarts de moyenne entre les variables.\n"
   ]
  },
  {
   "cell_type": "markdown",
   "metadata": {},
   "source": [
    "## step 2 \n",
    "* **Covariance Matrix:**\n",
    "    * Compute the covariance matrix using the `cov` method from NumPy. \n",
    "    * **Important:** Ensure the `rowvar=False` parameter is set correctly in the `cov` function to calculate the covariance matrix correctly.\n",
    "    * Verify the expected shape of the covariance matrix.\n"
   ]
  },
  {
   "cell_type": "code",
   "execution_count": 5,
   "metadata": {},
   "outputs": [
    {
     "name": "stdout",
     "output_type": "stream",
     "text": [
      "Forme de la matrice de covariance : (30, 30)\n",
      "Matrice de covariance :\n",
      "[[ 1.18565847e+01  4.84690754e+00  8.16196051e+01  1.14679444e+03\n",
      "   8.59129441e-03  9.12169509e-02  1.83571148e-01  1.07932732e-01\n",
      "   1.45289458e-02 -7.31710041e-03  6.07935089e-01 -1.36155503e-01\n",
      "   4.39566424e+00  1.05084631e+02 -2.24419031e-03  1.27236979e-02\n",
      "   2.04058349e-02  7.95696214e-03 -2.59570947e-03 -3.71017279e-04\n",
      "   1.55452615e+01  6.30305212e+00  1.07273973e+02  1.72775235e+03\n",
      "   9.66210754e-03  2.26110254e-01  3.84910178e-01  1.66278702e-01\n",
      "   3.65082767e-02  1.59423070e-03]\n",
      " [ 4.84690754e+00  1.89799066e+01  3.39159810e+01  4.62596758e+02\n",
      "  -1.47870670e-03  5.17031679e-02  1.01042874e-01  4.69279966e-02\n",
      "   8.44247939e-03 -2.47568049e-03  3.07653536e-01  9.66846291e-01\n",
      "   2.27907779e+00  4.47265947e+01  7.25867438e-05  1.41342549e-02\n",
      "   1.84364249e-02  4.50382000e-03  2.48883408e-04  6.37373950e-04\n",
      "   7.06059416e+00  2.43426325e+01  4.97509604e+01  7.76128599e+02\n",
      "   7.31098556e-03  1.79771062e-01  2.66560821e-01  8.14028044e-02\n",
      "   2.61678792e-02  8.91017767e-03]\n",
      " [ 8.16196051e+01  3.39159810e+01  5.64348116e+02  7.90407348e+03\n",
      "   7.20624602e-02  6.94474594e-01  1.34359832e+00  7.71491008e-01\n",
      "   1.25223778e-01 -4.16745688e-02  4.27567920e+00 -8.02191081e-01\n",
      "   3.12092994e+01  7.33713749e+02 -1.40362514e-02  1.07078053e-01\n",
      "   1.66750924e-01  5.95912570e-02 -1.23603350e-02 -1.08853522e-04\n",
      "   1.07222472e+02  4.40698444e+01  7.43957043e+02  1.19228781e+04\n",
      "   8.31561728e-02  1.71269413e+00  2.83946949e+00  1.18902113e+00\n",
      "   2.93521772e-01  2.96364936e-02]\n",
      " [ 1.14679444e+03  4.62596758e+02  7.90407348e+03  1.13360886e+05\n",
      "   9.03439707e-01  8.86583956e+00  1.83127832e+01  1.06180812e+01\n",
      "   1.47610589e+00 -6.44208363e-01  6.38858636e+01 -8.31525906e+00\n",
      "   4.62200895e+02  1.10403132e+04 -1.57797055e-01  1.31798099e+00\n",
      "   2.19896608e+00  7.86736231e-01 -1.48683594e-01 -1.24242334e-02\n",
      "   1.50638572e+03  5.82938073e+02  1.04047529e+04  1.70854253e+05\n",
      "   1.00168838e+00  2.10886560e+01  3.69568521e+01  1.58716771e+01\n",
      "   3.23201805e+00  1.45002559e-01]\n",
      " [ 8.59129441e-03 -1.47870670e-03  7.20624602e-02  9.03439707e-01\n",
      "   1.96825342e-04  4.99653232e-04  6.05663347e-04  3.08412157e-04\n",
      "   2.24967530e-04  6.02222850e-05  1.21175666e-03  4.59348161e-04\n",
      "   8.61201218e-03  1.58878682e-01  1.42719697e-05  8.59493293e-05\n",
      "   1.16186834e-04  3.34602980e-05  3.01833240e-05  1.09527465e-05\n",
      "   1.44903639e-02  5.00718334e-04  1.12545219e-01  1.65557190e+00\n",
      "   2.50284334e-04  1.04089532e-03  1.30527586e-03  4.63749576e-04\n",
      "   3.62383866e-04  1.26142431e-04]\n",
      " [ 9.12169509e-02  5.17031679e-02  6.94474594e-01  8.86583956e+00\n",
      "   4.99653232e-04  2.79028225e-03  3.73505330e-03  1.68550376e-03\n",
      "   9.08768400e-04  2.22403654e-04  7.00370104e-03  1.66197833e-03\n",
      "   5.60228282e-02  1.02121693e+00  2.21624367e-05  7.01764534e-04\n",
      "   9.53947466e-04  2.11969836e-04  1.27892631e-04  7.29738180e-05\n",
      "   1.30772320e-01  7.20581911e-02  9.99092527e-01  1.44128055e+01\n",
      "   6.67925440e-04  6.99921646e-03  8.97077711e-03  2.78210915e-03\n",
      "   1.75083163e-03  6.45888733e-04]\n",
      " [ 1.83571148e-01  1.01042874e-01  1.34359832e+00  1.83127832e+01\n",
      "   6.05663347e-04  3.73505330e-03  6.44027261e-03  2.82630624e-03\n",
      "   1.15967936e-03  2.09726936e-04  1.33594104e-02  4.06337573e-03\n",
      "   1.01296459e-01  2.05800222e+00  2.74314102e-05  9.81617993e-04\n",
      "   1.79979256e-03  3.46813313e-04  1.59459650e-04  1.01621662e-04\n",
      "   2.52937836e-01  1.35546186e-01  1.86162403e+00  2.86151401e+01\n",
      "   8.05241128e-04  9.27533089e-03  1.48713929e-02  4.44630361e-03\n",
      "   2.13895867e-03  7.45438972e-04]\n",
      " [ 1.07932732e-01  4.69279966e-02  7.71491008e-01  1.06180812e+01\n",
      "   3.08412157e-04  1.68550376e-03  2.82630624e-03  1.47325567e-03\n",
      "   5.10430384e-04  5.34676722e-05  7.09636975e-03  8.28252130e-04\n",
      "   5.25473700e-02  1.11632421e+00  4.99056111e-06  3.44246057e-04\n",
      "   5.38789752e-04  1.48156266e-04  4.66575105e-05  2.82380405e-05\n",
      "   1.47550408e-01  6.35407937e-02  1.05427555e+00  1.65672015e+01\n",
      "   3.93011001e-04  3.97176692e-03  6.06653975e-03  2.26102278e-03\n",
      "   9.33972554e-04  2.62284110e-04]\n",
      " [ 1.45289458e-02  8.44247939e-03  1.25223778e-01  1.47610589e+00\n",
      "   2.24967530e-04  9.08768400e-04  1.15967936e-03  5.10430384e-04\n",
      "   7.71094598e-04  9.94725710e-05  2.28307400e-03  1.77683474e-03\n",
      "   1.73706419e-02  2.64780031e-01  1.37105342e-05  2.06321267e-04\n",
      "   3.09591576e-04  6.76663095e-05  1.05427290e-04  2.42193349e-05\n",
      "   2.46879913e-02  1.38398915e-02  2.03627995e-01  2.72409643e+00\n",
      "   2.71720101e-04  2.07711677e-03  2.60597254e-03  7.97979805e-04\n",
      "   1.22184303e-03  2.20338579e-04]\n",
      " [-7.31710041e-03 -2.47568049e-03 -4.16745688e-02 -6.44208363e-01\n",
      "   6.02222850e-05  2.22403654e-04  2.09726936e-04  5.34676722e-05\n",
      "   9.94725710e-05  5.18815123e-05  5.46482130e-05  5.47096588e-04\n",
      "   9.39839494e-04 -1.95470607e-02  8.59753169e-06  7.49418629e-05\n",
      "   1.06536625e-04  1.67711226e-05  2.31293060e-05  1.36256864e-05\n",
      "  -8.00491219e-03 -3.36005416e-03 -4.41955712e-02 -8.26307977e-01\n",
      "   8.01255040e-05  5.02827501e-04  5.30276950e-04  8.92217939e-05\n",
      "   1.56664487e-04  9.70850519e-05]\n",
      " [ 6.07935089e-01  3.07653536e-01  4.27567920e+00  6.38858636e+01\n",
      "   1.21175666e-03  7.00370104e-03  1.33594104e-02  7.09636975e-03\n",
      "   2.28307400e-03  5.46482130e-05  7.20498472e-02  3.78966489e-02\n",
      "   5.09371261e-01  1.04716027e+01  1.76807047e-04  1.78010560e-03\n",
      "   2.93560773e-03  9.08405273e-04  6.44637661e-04  1.87977998e-04\n",
      "   8.49709924e-01  2.79938769e-01  5.91821986e+00  1.00345629e+02\n",
      "   8.48757504e-04  1.13341848e-02  2.08189039e-02  8.97291012e-03\n",
      "   1.25839212e-03  2.64166632e-04]\n",
      " [-1.36155503e-01  9.66846291e-01 -8.02191081e-01 -8.31525906e+00\n",
      "   4.59348161e-04  1.66197833e-03  4.06337573e-03  8.28252130e-04\n",
      "   1.77683474e-03  5.47096588e-04  3.78966489e-02  2.92459550e-01\n",
      "   2.90138567e-01  3.43039071e+00  6.90536219e-04  2.48846731e-03\n",
      "   3.75540636e-03  9.46261865e-04  1.86197713e-03  4.40922121e-04\n",
      "  -2.39057660e-01  1.41692793e+00 -1.46976555e+00 -2.15885413e+01\n",
      "  -1.14773975e-03 -8.73556106e-03 -7.79263942e-03 -3.93272068e-03\n",
      "  -4.73138767e-03 -6.53573729e-04]\n",
      " [ 4.39566424e+00  2.27907779e+00  3.12092994e+01  4.62200895e+02\n",
      "   8.61201218e-03  5.60228282e-02  1.01296459e-01  5.25473700e-02\n",
      "   1.73706419e-02  9.39839494e-04  5.09371261e-01  2.90138567e-01\n",
      "   3.82861947e+00  7.51909143e+01  1.18390675e-03  1.49528296e-02\n",
      "   2.29392079e-02  7.13670181e-03  5.25603120e-03  1.43143318e-03\n",
      "   6.01553923e+00  2.09013252e+00  4.31284971e+01  7.08841962e+02\n",
      "   5.34786288e-03  9.72105333e-02  1.65188049e-01  6.78600401e-02\n",
      "   1.15235236e-02  3.07656523e-03]\n",
      " [ 1.05084631e+02  4.47265947e+01  7.33713749e+02  1.10403132e+04\n",
      "   1.58878682e-01  1.02121693e+00  2.05800222e+00  1.11632421e+00\n",
      "   2.64780031e-01 -1.95470607e-02  1.04716027e+01  3.43039071e+00\n",
      "   7.51909143e+01  1.66625776e+03  1.58123406e-02  2.25780525e-01\n",
      "   3.73215775e-01  1.14325214e-01  6.66284063e-02  1.72548272e-02\n",
      "   1.42235124e+02  4.38316108e+01  9.89024082e+02  1.68875041e+04\n",
      "   1.22401433e-01  1.82656065e+00  3.35859412e+00  1.45263346e+00\n",
      "   1.75338860e-01  2.04876304e-02]\n",
      " [-2.24419031e-03  7.25867438e-05 -1.40362514e-02 -1.57797055e-01\n",
      "   1.42719697e-05  2.21624367e-05  2.74314102e-05  4.99056111e-06\n",
      "   1.37105342e-05  8.59753169e-06  1.76807047e-04  6.90536219e-04\n",
      "   1.18390675e-03  1.58123406e-02  9.31926447e-06  1.89864498e-05\n",
      "   2.67201955e-05  6.32968398e-06  1.10739755e-05  3.55307920e-06\n",
      "  -3.17615675e-03 -1.59743658e-03 -2.07449503e-02 -2.81115555e-01\n",
      "   2.03093682e-05 -3.47826149e-05 -4.08201157e-05 -2.16831760e-05\n",
      "  -2.34856478e-05  4.44983976e-06]\n",
      " [ 1.27236979e-02  1.41342549e-02  1.07078053e-01  1.31798099e+00\n",
      "   8.59493293e-05  7.01764534e-04  9.81617993e-04  3.44246057e-04\n",
      "   2.06321267e-04  7.49418629e-05  1.78010560e-03  2.48846731e-03\n",
      "   1.49528296e-02  2.25780525e-01  1.89864498e-05  3.23288204e-04\n",
      "   4.59000680e-04  8.37377817e-05  6.70729397e-05  4.01880662e-05\n",
      "   1.71540301e-02  1.39123177e-02  1.51161300e-01  1.96865435e+00\n",
      "   9.10890960e-05  1.82770944e-03  2.38021341e-03  5.59779132e-04\n",
      "   3.17660611e-04  1.85500944e-04]\n",
      " [ 2.04058349e-02  1.84364249e-02  1.66750924e-01  2.19896608e+00\n",
      "   1.16186834e-04  9.53947466e-04  1.79979256e-03  5.38789752e-04\n",
      "   3.09591576e-04  1.06536625e-04  2.93560773e-03  3.75540636e-03\n",
      "   2.29392079e-02  3.73215775e-01  2.67201955e-05  4.59000680e-04\n",
      "   1.02785436e-03  1.55664688e-04  9.43573848e-05  6.45731117e-05\n",
      "   2.68270604e-02  1.64107508e-02  2.26947795e-01  3.18482162e+00\n",
      "   1.16423008e-04  2.29356273e-03  4.42151497e-03  8.99257884e-04\n",
      "   4.06164448e-04  2.45894517e-04]\n",
      " [ 7.95696214e-03  4.50382000e-03  5.95912570e-02  7.86736231e-01\n",
      "   3.34602980e-05  2.11969836e-04  3.46813313e-04  1.48156266e-04\n",
      "   6.76663095e-05  1.67711226e-05  9.08405273e-04  9.46261865e-04\n",
      "   7.13670181e-03  1.14325214e-01  6.32968398e-06  8.37377817e-05\n",
      "   1.55664688e-04  3.92791907e-05  1.98429012e-05  1.09069569e-05\n",
      "   1.04541615e-02  3.21238920e-03  7.98426375e-02  1.16757359e+00\n",
      "   2.78597943e-05  4.27605619e-04  7.22823877e-04  2.42742279e-04\n",
      "   5.75603013e-05  3.58479018e-05]\n",
      " [-2.59570947e-03  2.48883408e-04 -1.23603350e-02 -1.48683594e-01\n",
      "   3.01833240e-05  1.27892631e-04  1.59459650e-04  4.66575105e-05\n",
      "   1.05427290e-04  2.31293060e-05  6.44637661e-04  1.86197713e-03\n",
      "   5.25603120e-03  6.66284063e-02  1.10739755e-05  6.70729397e-05\n",
      "   9.43573848e-05  1.98429012e-05  6.90753358e-05  9.14632734e-06\n",
      "  -4.62651753e-03 -4.09768052e-03 -2.42773556e-02 -4.35433610e-01\n",
      "   4.95750794e-06  1.21902475e-04  1.28779185e-04  1.83990029e-06\n",
      "   1.94690540e-04  1.58731744e-05]\n",
      " [-3.71017279e-04  6.37373950e-04 -1.08853522e-04 -1.24242334e-02\n",
      "   1.09527465e-05  7.29738180e-05  1.01621662e-04  2.82380405e-05\n",
      "   2.42193349e-05  1.36256864e-05  1.87977998e-04  4.40922121e-04\n",
      "   1.43143318e-03  1.72548272e-02  3.55307920e-06  4.01880662e-05\n",
      "   6.45731117e-05  1.09069569e-05  9.14632734e-06  7.62263785e-06\n",
      "  -4.59684526e-04 -3.36227034e-04  7.78583355e-05 -2.72821559e-02\n",
      "   9.01313673e-06  1.52834038e-04  2.12504534e-04  3.76264556e-05\n",
      "   1.58414303e-05  2.75000417e-05]\n",
      " [ 1.55452615e+01  7.06059416e+00  1.07222472e+02  1.50638572e+03\n",
      "   1.44903639e-02  1.30772320e-01  2.52937836e-01  1.47550408e-01\n",
      "   2.46879913e-02 -8.00491219e-03  8.49709924e-01 -2.39057660e-01\n",
      "   6.01553923e+00  1.42235124e+02 -3.17615675e-03  1.71540301e-02\n",
      "   2.68270604e-02  1.04541615e-02 -4.62651753e-03 -4.59684526e-04\n",
      "   2.16311255e+01  1.01287485e+01  1.48959027e+02  2.42588002e+03\n",
      "   2.37938178e-02  3.52909187e-01  5.69755753e-01  2.39919491e-01\n",
      "   7.31107916e-02  9.50936164e-03]\n",
      " [ 6.30305212e+00  2.43426325e+01  4.40698444e+01  5.82938073e+02\n",
      "   5.00718334e-04  7.20581911e-02  1.35546186e-01  6.35407937e-02\n",
      "   1.38398915e-02 -3.36005416e-03  2.79938769e-01  1.41692793e+00\n",
      "   2.09013252e+00  4.38316108e+01 -1.59743658e-03  1.39123177e-02\n",
      "   1.64107508e-02  3.21238920e-03 -4.09768052e-03 -3.36227034e-04\n",
      "   1.01287485e+01  3.72893528e+01  7.12947929e+01  1.08872805e+03\n",
      "   2.76346199e-02  3.21618546e-01  4.46516828e-01  1.38311015e-01\n",
      "   8.39679522e-02  2.11269380e-02]\n",
      " [ 1.07273973e+02  4.97509604e+01  7.43957043e+02  1.04047529e+04\n",
      "   1.12545219e-01  9.99092527e-01  1.86162403e+00  1.05427555e+00\n",
      "   2.03627995e-01 -4.41955712e-02  5.91821986e+00 -1.46976555e+00\n",
      "   4.31284971e+01  9.89024082e+02 -2.07449503e-02  1.51161300e-01\n",
      "   2.26947795e-01  7.98426375e-02 -2.42773556e-02  7.78583355e-05\n",
      "   1.48959027e+02  7.12947929e+01  1.03854676e+03  1.67011561e+04\n",
      "   1.79360513e-01  2.71056298e+00  4.25577079e+00  1.72131059e+00\n",
      "   5.67077321e-01  9.34245749e-02]\n",
      " [ 1.72775235e+03  7.76128599e+02  1.19228781e+04  1.70854253e+05\n",
      "   1.65557190e+00  1.44128055e+01  2.86151401e+01  1.65672015e+01\n",
      "   2.72409643e+00 -8.26307977e-01  1.00345629e+02 -2.15885413e+01\n",
      "   7.08841962e+02  1.68875041e+04 -2.81115555e-01  1.96865435e+00\n",
      "   3.18482162e+00  1.16757359e+00 -4.35433610e-01 -2.72821559e-02\n",
      "   2.42588002e+03  1.08872805e+03  1.67011561e+04  2.78538705e+05\n",
      "   2.70024945e+00  3.78603771e+01  6.26283113e+01  2.63044561e+01\n",
      "   7.48797450e+00  9.93308585e-01]\n",
      " [ 9.66210754e-03  7.31098556e-03  8.31561728e-02  1.00168838e+00\n",
      "   2.50284334e-04  6.67925440e-04  8.05241128e-04  3.93011001e-04\n",
      "   2.71720101e-04  8.01255040e-05  8.48757504e-04 -1.14773975e-03\n",
      "   5.34786288e-03  1.22401433e-01  2.03093682e-05  9.10890960e-05\n",
      "   1.16423008e-04  2.78597943e-05  4.95750794e-06  9.01313673e-06\n",
      "   2.37938178e-02  2.76346199e-02  1.79360513e-01  2.70024945e+00\n",
      "   5.06097090e-04  1.97937229e-03  2.43836825e-03  8.07341885e-04\n",
      "   7.25856761e-04  2.45857943e-04]\n",
      " [ 2.26110254e-01  1.79771062e-01  1.71269413e+00  2.10886560e+01\n",
      "   1.04089532e-03  6.99921646e-03  9.27533089e-03  3.97176692e-03\n",
      "   2.07711677e-03  5.02827501e-04  1.13341848e-02 -8.73556106e-03\n",
      "   9.72105333e-02  1.82656065e+00 -3.47826149e-05  1.82770944e-03\n",
      "   2.29356273e-03  4.27605619e-04  1.21902475e-04  1.52834038e-04\n",
      "   3.52909187e-01  3.21618546e-01  2.71056298e+00  3.78603771e+01\n",
      "   1.97937229e-03  2.36386905e-02  2.84878384e-02  8.09959699e-03\n",
      "   6.14930446e-03  2.17379009e-03]\n",
      " [ 3.84910178e-01  2.66560821e-01  2.83946949e+00  3.69568521e+01\n",
      "   1.30527586e-03  8.97077711e-03  1.48713929e-02  6.06653975e-03\n",
      "   2.60597254e-03  5.30276950e-04  2.08189039e-02 -7.79263942e-03\n",
      "   1.65188049e-01  3.35859412e+00 -4.08201157e-05  2.38021341e-03\n",
      "   4.42151497e-03  7.22823877e-04  1.28779185e-04  2.12504534e-04\n",
      "   5.69755753e-01  4.46516828e-01  4.25577079e+00  6.26283113e+01\n",
      "   2.43836825e-03  2.84878384e-02  4.36568559e-02  1.16645938e-02\n",
      "   7.10902971e-03  2.51362545e-03]\n",
      " [ 1.66278702e-01  8.14028044e-02  1.18902113e+00  1.58716771e+01\n",
      "   4.63749576e-04  2.78210915e-03  4.44630361e-03  2.26102278e-03\n",
      "   7.97979805e-04  8.92217939e-05  8.97291012e-03 -3.93272068e-03\n",
      "   6.78600401e-02  1.45263346e+00 -2.16831760e-05  5.59779132e-04\n",
      "   8.99257884e-04  2.42742279e-04  1.83990029e-06  3.76264556e-05\n",
      "   2.39919491e-01  1.38311015e-01  1.72131059e+00  2.63044561e+01\n",
      "   8.07341885e-04  8.09959699e-03  1.16645938e-02  4.24379199e-03\n",
      "   2.11191264e-03  6.08085965e-04]\n",
      " [ 3.65082767e-02  2.61678792e-02  2.93521772e-01  3.23201805e+00\n",
      "   3.62383866e-04  1.75083163e-03  2.13895867e-03  9.33972554e-04\n",
      "   1.22184303e-03  1.56664487e-04  1.25839212e-03 -4.73138767e-03\n",
      "   1.15235236e-02  1.75338860e-01 -2.34856478e-05  3.17660611e-04\n",
      "   4.06164448e-04  5.75603013e-05  1.94690540e-04  1.58414303e-05\n",
      "   7.31107916e-02  8.39679522e-02  5.67077321e-01  7.48797450e+00\n",
      "   7.25856761e-04  6.14930446e-03  7.10902971e-03  2.11191264e-03\n",
      "   3.89465350e-03  6.08185384e-04]\n",
      " [ 1.59423070e-03  8.91017767e-03  2.96364936e-02  1.45002559e-01\n",
      "   1.26142431e-04  6.45888733e-04  7.45438972e-04  2.62284110e-04\n",
      "   2.20338579e-04  9.70850519e-05  2.64166632e-04 -6.53573729e-04\n",
      "   3.07656523e-03  2.04876304e-02  4.44983976e-06  1.85500944e-04\n",
      "   2.45894517e-04  3.58479018e-05  1.58731744e-05  2.75000417e-05\n",
      "   9.50936164e-03  2.11269380e-02  9.34245749e-02  9.93308585e-01\n",
      "   2.45857943e-04  2.17379009e-03  2.51362545e-03  6.08085965e-04\n",
      "   6.08185384e-04  3.05827991e-04]]\n"
     ]
    }
   ],
   "source": [
    "import numpy as np\n",
    "\n",
    "# Calcul de la matrice variance-covariance\n",
    "# On s'assure que les colonnes (features) sont traitées comme variables\n",
    "cov_matrix = np.cov(X_centered, rowvar=False)\n",
    "\n",
    "# Affichage de la forme et d'un aperçu de la matrice\n",
    "print(\"Forme de la matrice de covariance :\", cov_matrix.shape)\n",
    "print(\"Matrice de covariance :\")\n",
    "print(cov_matrix)\n"
   ]
  },
  {
   "cell_type": "markdown",
   "metadata": {},
   "source": [
    "### Analyse des résultats\n",
    "\n",
    "1. **Matrice variance-covariance :**\n",
    "   - La matrice variance-covariance est une matrice carrée dont la taille est égale au nombre de variables (colonnes du jeu de données). Elle décrit les variances (sur la diagonale) et les covariances (en dehors de la diagonale) entre les différentes variables.\n",
    "   - La forme de cette matrice, affichée dans le programme, confirme sa dimensionnalité correcte.\n"
   ]
  },
  {
   "cell_type": "markdown",
   "metadata": {},
   "source": [
    "## Step 3: Eigenvalue Decomposition\n",
    "\n",
    "* **Eigenvalue Decomposition:** \n",
    "    * Perform eigenvalue decomposition of the covariance matrix using `linalg.eig` from NumPy.\n",
    "    * Obtain the eigenvalues and eigenvectors of the covariance matrix.\n"
   ]
  },
  {
   "cell_type": "code",
   "execution_count": 6,
   "metadata": {},
   "outputs": [
    {
     "name": "stdout",
     "output_type": "stream",
     "text": [
      "Valeurs propres :\n",
      "[3.88349172e+05 6.22976970e+03 5.91631654e+02 5.19724536e+01\n",
      " 3.51801443e+01 2.76211359e+00 1.70251274e+00 3.47958772e-01\n",
      " 1.30545231e-01 7.29692933e-02 2.64496492e-02 7.24723698e-03\n",
      " 3.21341166e-03 2.03155381e-03 1.36754520e-03 6.25209600e-04\n",
      " 3.97614209e-04 2.32049263e-04 1.86265615e-04 1.63103406e-04\n",
      " 7.48532758e-05 5.60991195e-05 3.71862559e-05 2.78978957e-05\n",
      " 1.56325180e-05 1.27316997e-05 7.20639374e-07 3.33347547e-06\n",
      " 2.61675534e-06 2.01226915e-06]\n",
      "\n",
      "Vecteurs propres :\n",
      "[[ 5.35642529e-03  8.50395043e-03 -1.23248097e-02  2.52137260e-02\n",
      "  -4.27170616e-02 -1.17876618e-01  5.95444115e-02 -9.68852116e-02\n",
      "   4.00472287e-01  8.60218197e-02 -3.57040428e-01  7.35505509e-01\n",
      "   2.56751390e-01 -1.18968284e-01  9.14792591e-02 -1.49191519e-01\n",
      "   4.84627374e-02  9.52505248e-02  2.19627356e-02  7.73638221e-02\n",
      "   6.71758298e-02  6.25342629e-03 -2.60142771e-03 -3.24671455e-02\n",
      "   8.17558958e-04 -1.19604008e-03  1.62499059e-03 -3.65380689e-03\n",
      "  -3.80035919e-03  4.21982372e-04]\n",
      " [ 2.33437461e-03 -3.38635999e-03 -3.66962429e-03  4.70229779e-01\n",
      "   3.39909686e-01 -3.35409119e-01 -7.32832036e-01 -7.69603899e-02\n",
      "   9.75271407e-03  8.37065320e-02  2.48512984e-02 -4.94147516e-03\n",
      "   3.96404444e-03 -1.81655008e-03 -8.48024325e-03 -2.91529640e-03\n",
      "  -1.87514635e-03 -1.08386357e-03  7.45649198e-04 -2.02839955e-04\n",
      "  -4.46535819e-04 -9.82346554e-05  5.93952833e-04 -2.88265622e-04\n",
      "   3.98567903e-04 -7.07144574e-04 -1.98025947e-05 -2.35923972e-04\n",
      "   1.10615336e-05 -1.65058618e-04]\n",
      " [ 3.69521098e-02  5.74650982e-02 -6.99712750e-02  2.42312344e-01\n",
      "  -4.00184740e-01 -7.94839962e-01  3.14730938e-01  7.93400517e-02\n",
      "  -1.44846550e-01 -7.68921857e-02 -1.39830918e-02 -7.36295490e-02\n",
      "  -2.84396734e-02  8.66423592e-03 -8.20146991e-03  2.04233620e-02\n",
      "  -1.04998163e-02 -1.41728171e-02 -5.30997374e-04 -1.04197603e-02\n",
      "  -1.10549844e-02 -3.46104476e-03  1.02300393e-03  4.27177018e-03\n",
      "  -2.59455169e-04 -4.19337888e-05 -2.79902404e-04  1.52628786e-04\n",
      "   7.47453717e-04  1.98859417e-04]\n",
      " [ 5.29671153e-01  8.40902761e-01 -7.82327759e-02 -2.44298049e-02\n",
      "   5.15211492e-02  5.13641854e-02 -1.64962998e-02 -1.91333080e-03\n",
      "   4.47063259e-03  1.60017385e-03  4.25947241e-03 -2.05014860e-03\n",
      "  -3.61211784e-04  4.81576529e-04 -4.18932702e-05  1.48403911e-04\n",
      "   8.25701683e-05 -2.56036792e-05 -1.25180831e-04 -1.24181904e-04\n",
      "   5.31451476e-05  1.21332341e-04 -1.37334837e-05  2.61628397e-05\n",
      "   5.54936257e-07  1.65554476e-06  2.71893610e-07  1.91495008e-05\n",
      "  -7.61781508e-06 -1.58762852e-05]\n",
      " [ 4.87449146e-06 -1.76684810e-05  1.11756529e-04  1.30944833e-04\n",
      "  -6.84704673e-04 -3.98453669e-04  1.06334787e-03  3.06761118e-03\n",
      "  -1.21886284e-02 -1.05246772e-03  2.97214675e-02 -4.74765330e-02\n",
      "   6.87350374e-03 -3.15704712e-02  4.30582844e-02 -2.43002251e-01\n",
      "  -1.29907536e-01  2.83961770e-01  2.33710234e-01 -2.70983143e-02\n",
      "   4.75351545e-02  1.27613740e-01  2.72468977e-02  7.00154720e-01\n",
      "  -4.51197166e-01 -2.38559419e-01  1.06263381e-02  4.43930629e-02\n",
      "  -4.18668859e-02  8.97707468e-02]\n",
      " [ 4.37619886e-05 -2.21870212e-05  2.18920557e-04  2.15385309e-03\n",
      "  -3.57245173e-03 -2.05231135e-03 -6.46306096e-04  1.72408463e-02\n",
      "  -6.99557437e-02 -1.88160805e-02  1.12249780e-01 -9.81680213e-02\n",
      "   9.04761712e-02  4.39204770e-02  8.03717955e-02 -1.68009367e-01\n",
      "   1.54138836e-01  2.93491532e-01  9.54679033e-02 -8.34738393e-02\n",
      "   7.59845509e-01  3.52698489e-01  8.60110987e-02 -2.51415405e-01\n",
      "   1.16230931e-01  9.23863685e-03  1.96406158e-02  2.05806096e-02\n",
      "  -1.20764150e-01  7.66500151e-03]\n",
      " [ 8.78386255e-05  5.20891774e-05  4.09713275e-04  2.53927138e-03\n",
      "  -3.30151845e-03 -4.84097593e-04 -8.24988966e-04  2.19659340e-02\n",
      "  -9.14141097e-02 -1.14134030e-02  1.89830555e-01  3.93703916e-02\n",
      "  -2.20624763e-01 -1.11690457e-01  7.30271900e-02 -1.77650013e-01\n",
      "   4.42666289e-01  2.12659552e-01 -4.24153272e-02  6.64757962e-01\n",
      "  -1.52230598e-01 -7.45158552e-02  9.74032764e-02 -2.26604182e-01\n",
      "  -2.57576688e-01 -1.18460549e-01 -1.51251251e-03  1.84426759e-02\n",
      "  -8.07471580e-03 -1.24262599e-02]\n",
      " [ 5.08628935e-05  3.14767601e-05  1.12994854e-04  8.04955299e-04\n",
      "  -1.50356360e-03 -1.17518707e-03  6.22524920e-04  9.34384112e-03\n",
      "  -2.61358031e-02 -5.27661237e-03  5.67399726e-02 -4.62635993e-02\n",
      "  -3.53607854e-02 -4.16398736e-02  5.25250627e-02 -3.29140438e-01\n",
      "   3.97602198e-02  9.66966640e-03 -7.77410266e-02  3.27427030e-01\n",
      "   3.84837627e-02 -2.34499611e-02 -3.40592271e-01  4.29002351e-01\n",
      "   6.28355862e-01  2.59462665e-01 -3.69821812e-03 -8.01720984e-03\n",
      "   4.58393608e-03 -2.25013264e-02]\n",
      " [ 8.01003654e-06 -3.04456792e-05  1.87523962e-04  7.03740357e-04\n",
      "  -1.33676681e-03 -2.17289329e-04  1.47204795e-04  9.66530845e-03\n",
      "  -2.10236100e-02 -6.45661263e-03  5.34900155e-02 -7.00185394e-02\n",
      "   9.14199815e-02 -3.34166380e-01  3.59560752e-02 -1.05375452e-01\n",
      "   1.55180064e-03  5.12937500e-01 -6.66884205e-01 -3.26714903e-01\n",
      "  -1.77283211e-01 -2.58287294e-02 -5.49532268e-02 -3.53654001e-02\n",
      "  -3.63369012e-02  8.17587377e-02 -3.64702285e-03 -1.57920478e-02\n",
      "  -2.65505619e-03 -3.00714815e-03]\n",
      " [-2.68754456e-06 -1.66982310e-05  6.97662759e-05  1.24163799e-04\n",
      "  -2.93406172e-04  3.10388215e-05 -2.92117975e-04  3.13157500e-03\n",
      "  -9.78812166e-03 -3.05956005e-03  1.94432915e-02 -1.68599465e-02\n",
      "   8.03814994e-03  6.73616600e-03  1.08483283e-02 -3.51703649e-02\n",
      "   3.72747678e-02  8.22681972e-02  4.98706185e-02 -3.40603287e-02\n",
      "   1.98044341e-01 -2.08160732e-01  1.36141703e-02  1.89026605e-02\n",
      "  -5.51398980e-02  3.93691890e-02 -7.02952409e-02 -1.73618011e-01\n",
      "   9.26538578e-01 -6.86253232e-02]\n",
      " [ 3.07887382e-04  1.70192914e-04  7.07553959e-03  2.66340082e-03\n",
      "  -3.12712397e-03 -7.93721696e-03 -1.14560775e-02  7.08173284e-02\n",
      "   8.05020695e-02 -2.10122962e-02  1.20033713e-01 -3.34162229e-02\n",
      "  -9.33414978e-02 -1.76549114e-01  9.37568377e-01  1.24780415e-01\n",
      "  -1.25187195e-01 -1.43077010e-01  1.75644106e-02 -2.78164127e-02\n",
      "   1.13628484e-02 -9.00460182e-03  1.39643934e-02 -2.90726758e-03\n",
      "  -3.51707881e-03 -6.20404515e-03 -7.49238124e-03 -5.38844370e-03\n",
      "   2.70585351e-03 -2.79266267e-03]\n",
      " [-5.80656972e-05  7.54900345e-04  7.24376994e-03  3.23091843e-02\n",
      "   2.99923798e-02 -1.11797921e-02  7.80655844e-02  5.66303561e-01\n",
      "   7.39644037e-02  8.04514650e-01  1.22379313e-01 -9.02966094e-03\n",
      "   2.88133820e-02  9.34928898e-03 -4.47596803e-02 -3.25656797e-03\n",
      "  -1.51256660e-02 -8.72424008e-03 -5.78464874e-05 -2.58827683e-03\n",
      "  -4.62152667e-04 -1.12010307e-03  5.61470830e-03 -2.80267996e-03\n",
      "   2.95598256e-03 -4.16734838e-03 -1.95043628e-04 -8.87442627e-04\n",
      "   1.24484383e-04 -8.64199370e-04]\n",
      " [ 2.19023643e-03  2.69506745e-03  5.03179918e-02  3.51807668e-02\n",
      "  -4.45665830e-02  4.87436333e-02 -1.61673352e-01  7.73217425e-01\n",
      "   2.30099821e-01 -5.51704037e-01 -1.58093246e-02  5.04574324e-02\n",
      "   2.64621343e-02  1.94443175e-02 -7.86913013e-02 -9.13221474e-03\n",
      "   1.69435363e-04  1.58984781e-02  2.72931233e-03  9.17530142e-03\n",
      "  -4.72148750e-03 -1.66211490e-03  1.23455486e-03 -4.36057073e-04\n",
      "   3.14092576e-04 -1.26745472e-03  9.95180511e-04 -1.38650983e-03\n",
      "  -1.22811175e-03  1.49890844e-03]\n",
      " [ 5.21966452e-02  6.67411028e-02  9.90186943e-01  6.92300807e-02\n",
      "  -5.95733163e-02 -2.20294900e-02  2.88071215e-02 -4.60568435e-02\n",
      "  -1.07014752e-02  2.10746197e-02 -2.78480492e-03 -1.13106523e-04\n",
      "  -1.29209644e-04 -5.13920112e-05 -2.37895810e-03 -4.41724110e-04\n",
      "   5.82074700e-04  1.16749636e-04 -1.68544993e-04 -1.91350692e-04\n",
      "   1.80325497e-04  5.43387021e-05 -1.23235705e-04  1.74153675e-05\n",
      "   5.94127961e-05  5.41641847e-05  5.78632608e-06  8.14675670e-05\n",
      "   4.67523859e-05 -4.32097771e-05]\n",
      " [-8.28335705e-07  2.85551547e-06  5.39658856e-05 -7.16870317e-06\n",
      "   6.99249064e-05 -9.09902484e-05 -2.29752613e-04  1.54034430e-03\n",
      "  -1.37725964e-03  1.55921902e-03  3.76153323e-03 -4.39848815e-03\n",
      "  -2.42201408e-03  1.43332793e-03  1.39443396e-02 -2.65928408e-02\n",
      "   4.50965107e-03  2.87302327e-02  6.45142428e-02 -2.28483755e-02\n",
      "  -6.53244822e-02  1.17694919e-02 -1.10294836e-01 -1.18425053e-01\n",
      "   2.90352692e-02  8.56878351e-02  6.37983206e-02  4.14556036e-01\n",
      "   1.57190039e-01  8.68391585e-01]\n",
      " [ 6.13819581e-06  1.24148111e-05  1.57445176e-04  6.78592992e-04\n",
      "  -8.03737071e-04 -6.19831347e-04 -1.52008974e-03  9.77328048e-03\n",
      "  -2.21041481e-02 -1.01674036e-03  4.15233541e-02  3.03090147e-02\n",
      "   4.02199368e-02  5.13012448e-02  4.12797618e-02  7.39365634e-02\n",
      "   3.18779879e-01 -1.80543889e-02  9.80288615e-02 -1.95256289e-01\n",
      "  -1.87461778e-02  2.64018614e-02 -8.23713312e-01 -9.53816063e-02\n",
      "  -1.10116844e-01 -3.38797801e-01 -1.04854669e-01 -8.30397916e-02\n",
      "  -1.75854779e-02 -4.36816275e-02]\n",
      " [ 1.00192928e-05  2.91689505e-05  2.62243680e-04  7.58264246e-04\n",
      "  -8.99423892e-04 -6.21966422e-04 -2.04855972e-03  1.40052001e-02\n",
      "  -3.21978357e-02 -1.23746338e-03  9.32761285e-02  1.37667985e-01\n",
      "  -1.38474694e-01 -4.97110223e-02  3.50497696e-02  9.68550392e-02\n",
      "   6.83066041e-01  1.33947100e-02  2.19622504e-01 -4.15912069e-01\n",
      "  -1.76357104e-01  1.47185644e-02  3.03924451e-01  2.35435751e-01\n",
      "   1.96734034e-01  1.37999140e-01 -1.98591198e-02 -9.57680240e-02\n",
      "  -2.81963617e-02  6.03972778e-02]\n",
      " [ 3.64301003e-06  7.83030125e-06  6.16388035e-05  1.60314556e-04\n",
      "  -2.91011695e-04 -4.93973760e-04 -5.89394282e-04  4.63792079e-03\n",
      "  -2.76697544e-03 -1.56281443e-03  1.10917125e-02  1.53821684e-02\n",
      "  -9.83184801e-03 -2.40032024e-04  1.19607269e-02 -6.22882794e-02\n",
      "   9.83546279e-02 -5.41952457e-02  1.47673713e-02 -1.01255718e-01\n",
      "  -2.05698926e-02  2.10349502e-02 -2.43366522e-02  1.53752848e-02\n",
      "  -4.15987919e-02  6.98548969e-02 -3.87843534e-02  8.65296714e-01\n",
      "   1.23838992e-01 -4.45560019e-01]\n",
      " [-1.14486561e-06  1.78766465e-05  1.39782298e-04  1.01547088e-04\n",
      "  -1.14114246e-04 -3.02555307e-04 -5.63095492e-04  5.45057495e-03\n",
      "  -3.57076048e-03  1.53142347e-03  1.11359017e-02 -1.17838579e-02\n",
      "   3.22718505e-02 -8.02811393e-02 -1.68068325e-02  3.85953512e-02\n",
      "   4.50929774e-02 -6.63477714e-02  1.08183493e-01  3.12444779e-02\n",
      "   3.56112118e-02  1.18613940e-01 -2.35982224e-01 -7.69707481e-03\n",
      "  -4.51608973e-01  8.23984409e-01 -3.61738829e-03 -1.10494758e-01\n",
      "  -6.19761811e-02 -3.56301613e-02]\n",
      " [-7.39371565e-08  8.44197717e-07  3.09022463e-05  4.88297302e-05\n",
      "  -6.96886761e-05 -1.72949929e-04 -2.46105669e-04  1.53799359e-03\n",
      "  -2.57268705e-03  3.96525432e-04  6.65244546e-03  2.06111966e-03\n",
      "  -1.37184463e-03  6.85275325e-03  1.30775011e-02  7.03306769e-03\n",
      "   5.45177796e-02  5.13263933e-03  1.81976425e-02 -4.12202799e-02\n",
      "   2.71454723e-02 -1.16593055e-01 -8.00010333e-02  3.73517166e-03\n",
      "  -1.90151882e-02 -1.87084825e-02  9.82789211e-01 -1.02006410e-02\n",
      "   3.03430215e-02 -7.92983426e-02]\n",
      " [ 7.37757868e-03 -2.19633702e-03 -1.14518732e-02  4.53050846e-02\n",
      "  -6.49126681e-02 -7.12735724e-02  8.24350350e-02 -2.16544441e-01\n",
      "   7.95623152e-01 -1.09829385e-02  4.90211455e-01 -1.99543067e-01\n",
      "  -4.18654477e-02  7.62063762e-02 -1.12362051e-01  2.78622749e-02\n",
      "   1.33528326e-02  6.34345786e-03 -1.28667630e-02 -4.58979331e-03\n",
      "  -8.01323804e-03  7.39886918e-03 -2.98928705e-03  3.88583123e-03\n",
      "  -5.26403015e-04  1.00326727e-03  3.53280041e-04  1.87068584e-03\n",
      "   4.26195046e-04 -1.07249210e-04]\n",
      " [ 3.18192291e-03 -1.39004858e-02 -2.80564483e-02  6.83269552e-01\n",
      "   4.40298878e-01  2.13293347e-01  5.29573394e-01  2.46511563e-02\n",
      "  -1.47280168e-02 -1.02911082e-01 -2.84935350e-02  3.12229799e-03\n",
      "  -4.60633802e-03  1.41657755e-04  8.75644178e-03  1.65913527e-03\n",
      "   2.36154094e-03  1.29547798e-03 -5.06727751e-04  1.11907701e-04\n",
      "   6.31553743e-04  1.72385501e-04 -6.79283262e-04  5.66329647e-04\n",
      "  -4.51623101e-04  6.95453417e-04  2.39050353e-05  2.13623606e-04\n",
      "   5.14280535e-06  1.51893227e-04]\n",
      " [ 5.08413799e-02 -1.04081386e-02 -6.90760022e-02  4.91570449e-01\n",
      "  -7.17039786e-01  4.29896463e-01 -1.98884027e-01 -6.12288581e-02\n",
      "  -2.26040597e-02  8.36199709e-02 -3.13543601e-02  3.02498838e-03\n",
      "  -3.69191465e-03 -4.93849860e-03  9.58775163e-03 -1.85767059e-03\n",
      "   1.16293914e-03  1.63158462e-04  6.20458803e-04 -2.37059600e-04\n",
      "   1.44611714e-03  1.46748704e-04 -2.32163399e-04 -1.89243405e-04\n",
      "   4.25634970e-05  1.88376531e-04 -5.93033350e-05  2.55916604e-06\n",
      "   8.65397059e-05 -1.25451770e-04]\n",
      " [ 8.44197856e-01 -5.33598731e-01 -4.75333923e-03 -3.36889921e-02\n",
      "   3.04201272e-02 -2.05981676e-02  6.13085614e-03  4.89304321e-03\n",
      "  -4.42694848e-03 -2.74890055e-03 -2.20271513e-03  1.15721065e-03\n",
      "   3.87297989e-04 -2.67114201e-04  2.06901490e-04 -7.95543408e-05\n",
      "  -9.70291349e-05 -2.48029638e-05  5.66671421e-05  4.44383106e-05\n",
      "  -1.37854420e-05 -5.00183702e-05  2.59733908e-05 -1.28482959e-05\n",
      "  -3.92158237e-06 -9.34202270e-06  3.23324162e-07 -1.07470262e-05\n",
      "  -7.03657511e-06  6.89685457e-06]\n",
      " [ 7.28477447e-06 -9.43555326e-05  1.83608022e-05  4.84729054e-04\n",
      "  -6.55579158e-04  1.83785634e-03  2.88826185e-03 -3.22449804e-03\n",
      "  -1.85354392e-02 -7.27514913e-03  5.25879353e-02 -6.16144066e-02\n",
      "   1.12978610e-02 -2.27390528e-02  4.74278550e-02 -3.79338774e-01\n",
      "  -2.57050598e-01  3.45552853e-01  5.57845175e-01 -1.58055816e-01\n",
      "  -3.93483789e-01 -3.25773890e-02 -2.38384800e-02 -3.42741962e-01\n",
      "   1.57627935e-01  7.19298291e-02 -2.39184265e-03 -6.98372367e-02\n",
